0.0
9.66330730989e-07
1.07370078695e-06
6.54957466395e-06
1.55686611834e-05
3.68279361282e-05
6.71062953188e-05
0.000139903204399
0.000271753669949
0.000490251753945
0.000843928777613
0.00138120865449
0.0021785388235
0.00318663637154
0.00449762493372
0.00602689711377
0.00777123123407
0.0097350301221
0.0119189368561
0.0140477642417
0.016235107556
0.0184696931392
0.0206105448306
0.0227577313781
0.0247947573662
0.0266617070884
0.0285491663963
0.0300922896713
0.0318687260151
0.0332181528211
0.0344193018973
0.0354374945164
0.0361682549119
0.0367435440421
0.0369982235134
0.0369892045856
0.0366877093911
0.0361045822501
0.0351440496743
0.0340182743967
0.0326344892383
0.0311564337462
0.0294866152108
0.0275557786226
0.0256617702544
0.0236248522997
0.0215711854398
0.0195773225278
0.0175196826458
0.0154427159578
0.0136864632368
0.0118698691949
0.0101938219741
0.00869257375598
0.00728656258434
0.00603570137173
0.00492893066257
0.00401381542906
0.00321691483259
0.00258096191101
0.0020443261601
0.00161098060198
0.00124957296066
0.000962465361226
0.000730223895516
0.000564122397918
0.000399631418986
0.000299455132335
0.000224081348279
0.000169107865077
0.000124549289467
9.15866767173e-05
6.72136666253e-05
4.21964396082e-05
3.2855241443e-05
2.42656369664e-05
1.56760306709e-05
1.3528629097e-05
6.33483432466e-06
5.04639365317e-06
1.21328184832e-05
1.21328184832e-05
1.21328184832e-05
1.21328184832e-05
1.21328184832e-05
1.21328184832e-05
1.21328184832e-05
1.21328184832e-05
1.21328184832e-05
1.21328184832e-05
1.21328184832e-05
1.21328184832e-05
1.21328184832e-05
1.21328184832e-05
1.21328184832e-05
1.21328184832e-05
1.21328184832e-05
1.21328184832e-05
1.21328184832e-05
1.21328184832e-05
1.21328184832e-05
1.21328184832e-05
1.21328184832e-05
1.21328184832e-05
1.21328184832e-05
1.21328184832e-05
1.21328184832e-05
1.21328184832e-05
1.21328184832e-05
1.21328184832e-05
1.21328184832e-05
1.21328184832e-05
1.21328184832e-05
1.21328184832e-05
1.21328184832e-05
1.21328184832e-05
1.21328184832e-05
1.21328184832e-05
1.21328184832e-05
1.21328184832e-05
