0.0
1.45605667967e-06
6.47136289444e-07
6.47136312182e-06
1.74726810656e-05
3.62396349374e-05
6.56843330944e-05
0.000140266798553
0.000271150114713
0.000483087264001
0.000851307820994
0.00139474053867
0.00219298317097
0.00325056561269
0.00452688010409
0.00598940812051
0.0078119058162
0.00976641941816
0.0118883792311
0.0139927044511
0.0161847174168
0.0184081159532
0.0206834468991
0.022754445672
0.0247919540852
0.0267772059888
0.0285019855946
0.0302558876574
0.0318162962794
0.0331474542618
0.0344711728394
0.0353938266635
0.036123957485
0.0366461984813
0.0369995348155
0.0370741151273
0.0366978049278
0.0360432267189
0.0352940037847
0.0339589640498
0.0326583795249
0.0311772469431
0.0295289922506
0.0275925975293
0.0256464965641
0.0235562473536
0.0216067489237
0.0195169840008
0.0175936948508
0.0155021501705
0.0135772433132
0.0118802897632
0.0101959565654
0.00860626623034
0.00729241734371
0.00602095620707
0.00496046151966
0.00396144483238
0.00321448780596
0.00256088026799
0.00203443481587
0.00159260246437
0.00121726340149
0.000955658557359
0.000720586278476
0.000554434023798
0.00041934431647
0.000312566844514
0.000229733384913
0.000184595628525
0.000131530454382
9.04373009689e-05
6.3742925704e-05
4.41670526925e-05
3.02536227537e-05
2.15172822209e-05
1.32662944452e-05
1.03541806311e-05
7.44206772652e-06
4.04460206482e-06
1.16484534374e-05
1.16484534374e-05
1.16484534374e-05
1.16484534374e-05
1.16484534374e-05
1.16484534374e-05
1.16484534374e-05
1.16484534374e-05
1.16484534374e-05
1.16484534374e-05
1.16484534374e-05
1.16484534374e-05
1.16484534374e-05
1.16484534374e-05
1.16484534374e-05
1.16484534374e-05
1.16484534374e-05
1.16484534374e-05
1.16484534374e-05
1.16484534374e-05
1.16484534374e-05
1.16484534374e-05
1.16484534374e-05
1.16484534374e-05
1.16484534374e-05
1.16484534374e-05
1.16484534374e-05
1.16484534374e-05
1.16484534374e-05
1.16484534374e-05
1.16484534374e-05
1.16484534374e-05
1.16484534374e-05
1.16484534374e-05
1.16484534374e-05
1.16484534374e-05
1.16484534374e-05
1.16484534374e-05
1.16484534374e-05
1.16484534374e-05
